-----------------------------------------------------------------------------
   PRES   HGHT   TEMP   DWPT   RELH   MIXR   DRCT   SPED   THTA   THTE   THTV
    hPa      m      C      C      %   g/kg    deg    m/s      K      K      K 
-----------------------------------------------------------------------------
 1000.0    -17                                                               
  998.0     10   21.4   17.1     76  12.39    230    7.7  294.7  330.4  296.9
  988.0     96   20.4   16.9     80  12.35    236    9.4  294.6  330.1  296.7
  971.0    244   19.2   16.9     87  12.57    246   12.2  294.8  331.0  297.0
  964.1    305   18.9   16.2     84  12.08    250   13.4  295.1  329.9  297.2
  938.0    537   17.6   13.4     76  10.36    261   16.9  296.1  326.2  298.0
  929.9    610   17.1   13.0     77  10.15    265   18.0  296.3  325.9  298.2
  925.0    655   16.8   12.7     77  10.03    265   18.0  296.5  325.7  298.3
  897.1    914   14.5   10.4     76   8.84    265   17.0  296.7  322.6  298.3
  879.0   1087   13.0    8.8     76   8.11    265   19.0  296.9  320.7  298.3
  865.3   1219   12.4    4.3     58   6.02    265   20.6  297.6  315.5  298.6
  862.0   1251   12.2    3.2     54   5.60    264   20.4  297.7  314.5  298.7
  858.0   1290   11.8    3.8     58   5.87    263   20.1  297.7  315.2  298.8
  853.0   1339   11.8   -1.2     40   4.11    261   19.8  298.2  310.7  298.9
  850.0   1368   11.4   -0.6     43   4.31    260   19.6  298.1  311.1  298.9
  831.0   1556   10.4   -3.6     37   3.53    260   21.7  299.0  309.8  299.6
  804.1   1829    8.2   -7.2     33   2.77    260   24.7  299.5  308.1  300.0
  794.0   1933    7.4   -8.6     31   2.52    262   25.4  299.7  307.6  300.1
  789.0   1985    6.8   -3.2     49   3.83    263   25.8  299.6  311.3  300.3
  775.0   2132    5.4    1.7     77   5.59    265   26.8  299.6  316.4  300.6
  774.8   2134    5.4    1.6     77   5.57    265   26.8  299.6  316.4  300.6
  774.0   2143    5.2    1.4     76   5.48    265   26.7  299.5  316.0  300.5
  769.0   2196    5.6   -4.4     49   3.59    263   26.6  300.5  311.6  301.1
  761.0   2281    4.8   -7.2     41   2.93    260   26.3  300.5  309.6  301.0
  754.0   2356    4.0   -4.0     56   3.78    258   26.0  300.4  312.1  301.1
  746.4   2438    3.5   -6.3     49   3.21    255   25.7  300.8  310.7  301.3
  733.0   2585    2.6  -10.4     38   2.37    253   24.3  301.3  308.8  301.8
  718.8   2743    1.5  -12.4     35   2.06    250   22.6  301.8  308.4  302.2
  700.0   2956    0.0  -15.0     31   1.71    235   24.7  302.5  308.0  302.8
  666.0   3353   -2.8  -19.4     27   1.24    225   23.2  303.6  307.7  303.9
  658.0   3449   -3.5  -20.5     25   1.14    230   23.3  303.9  307.7  304.1
  640.6   3658   -5.4  -22.2     25   1.01    240   23.7  304.0  307.4  304.2
  616.1   3962   -8.3  -24.6     25   0.85    245   25.7  304.2  307.1  304.4
  594.0   4247  -10.9  -26.9     26   0.71    245   29.6  304.3  306.8  304.5
  592.5   4267  -11.0  -27.3     25   0.69    245   29.9  304.5  306.8  304.6
  585.0   4364  -11.3  -29.3     21   0.58    248   34.8  305.2  307.2  305.3
  581.0   4417  -10.7  -36.7     10   0.28    250   37.5  306.5  307.5  306.5
  570.0   4565   -9.7  -51.7      2   0.06    255   44.9  309.3  309.6  309.4
  569.4   4572   -9.7  -51.7      2   0.06    255   45.3  309.4  309.6  309.4
  547.3   4877  -11.0  -52.5      2   0.05    255   47.4  311.5  311.7  311.5
  521.0   5255  -12.5  -53.5      2   0.05    252   53.4  314.0  314.2  314.0
  509.0   5434  -11.7  -53.7      2   0.05    250   56.3  317.1  317.3  317.1
  505.5   5486  -12.1  -53.7      2   0.05    250   57.1  317.2  317.5  317.3
  500.0   5570  -12.7  -53.7      2   0.05    250   56.6  317.5  317.7  317.5
  494.0   5662  -13.3  -54.3      2   0.05    250   56.6  317.9  318.1  317.9
  486.0   5786  -13.1  -55.1      2   0.04    250   56.6  319.6  319.8  319.6
  466.3   6096  -15.2  -56.9      1   0.04    250   56.6  320.8  320.9  320.8
  415.0   6970  -21.1  -62.1      1   0.02    242   53.5  324.1  324.1  324.1
  400.0   7240  -23.5  -62.5      1   0.02    240   52.5  324.4  324.5  324.4
  379.3   7620  -26.8  -63.6      2   0.02    245   51.0  324.9  325.0  324.9
  339.0   8424  -33.9  -65.9      2   0.02    242   46.7  325.9  326.0  325.9
  305.5   9144  -39.0  -68.5      3   0.01    240   42.7  328.6  328.6  328.6
  300.0   9270  -39.9  -68.9      3   0.01    230   44.3  329.0  329.1  329.0
  291.0   9477  -41.9  -68.9      4   0.01    228   48.2  329.0  329.1  329.0
  279.3   9754  -42.9  -67.9      5   0.01    225   53.5  331.5  331.6  331.5
  279.0   9761  -42.9  -67.9      5   0.01    225   53.5  331.6  331.7  331.6
  265.0  10108  -42.3  -68.3      4   0.01    234   53.5  337.4  337.4  337.4
  253.0  10420  -44.1  -69.1      5   0.01    243   53.5  339.2  339.3  339.2
  250.0  10500  -43.7  -69.7      4   0.01    245   53.5  341.0  341.0  341.0
  242.0  10719  -41.9  -73.9      2   0.01    248   55.7  346.8  346.9  346.8
  235.0  10918  -42.1  -75.3      1   0.01    250   57.7  349.5  349.5  349.5
  233.1  10973  -42.1  -75.6      1   0.01    250   57.7  350.2  350.3  350.2
  219.0  11395  -42.5  -78.5      1   0.00    250   46.6  356.0  356.0  356.0
  216.0  11489  -41.3  -78.3      1   0.00    250   44.1  359.2  359.2  359.2
  213.0  11582  -41.2  -78.2      1   0.00    250   41.7  360.8  360.8  360.8
  210.0  11680  -41.1  -78.1      1   0.00    252   41.3  362.4  362.5  362.4
  200.0  12010  -43.3  -79.3      1   0.00    260   40.2  364.0  364.1  364.0
  185.9  12497  -47.4  -81.8      1   0.00    270   39.6  365.1  365.1  365.1
  183.0  12600  -48.3  -82.3      1   0.00    269   37.9  365.3  365.3  365.3
  176.0  12856  -49.7  -83.7      1   0.00    268   33.6  367.1  367.1  367.1
  172.0  13006  -48.7  -82.7      1   0.00    267   31.1  371.1  371.2  371.1
  168.0  13160  -49.7  -83.7      1   0.00    266   28.5  372.0  372.0  372.0
  161.6  13411  -51.8  -85.1      1   0.00    265   24.2  372.7  372.7  372.7
  150.0  13890  -55.7  -87.7      1   0.00    245   23.2  373.9  373.9  373.9
  140.0  14326  -59.9  -89.4      1   0.00    240   22.6  374.1  374.1  374.1
  138.0  14414  -60.7  -89.7      1   0.00    240   25.0  374.1  374.1  374.1
  129.0  14834  -59.9  -90.9      1   0.00    240   36.4  382.8  382.8  382.8
  126.9  14935  -60.8  -91.4      1   0.00    240   39.1  383.0  383.0  383.0
  120.8  15240  -63.4  -93.0      1   0.00    240   40.7  383.6  383.6  383.6
  118.0  15384  -64.7  -93.7      1   0.00    244   42.6  383.9  383.9  383.9
  117.0  15436  -64.1  -93.1      1   0.00    245   43.2  385.9  385.9  385.9
  115.0  15542  -62.9  -91.9      1   0.00    245   43.2  390.0  390.0  390.0
  114.9  15545  -62.7  -91.9      1   0.00    245   43.2  390.4  390.4  390.4
  114.0  15596  -60.3  -91.3      1   0.00    246   42.0  395.8  395.9  395.8
  110.0  15819  -59.1  -90.1      1   0.00    253   36.4  402.2  402.2  402.2
  103.0  16228  -62.1  -92.1      1   0.00    265   26.2  404.0  404.1  404.0
  100.0  16410  -62.9  -92.9      1   0.00    270   21.6  405.9  405.9  405.9
   83.8  17478  -70.7  -94.7      2   0.00    255   25.7  411.1  411.1  411.1
   81.5  17644  -68.7  -92.7      2   0.00    255   26.2  418.5  418.5  418.5
   81.0  17678  -68.6  -92.6      2   0.00    255   26.2  419.3  419.3  419.3
   77.0  17983  -68.1  -92.1      2   0.00    280   18.5  426.6  426.6  426.6
   75.9  18071  -67.9  -91.9      2   0.00    280   15.5  428.8  428.8  428.8
   73.7  18249  -65.9  -90.9      2   0.00    280    9.6  436.6  436.6  436.6
   73.2  18288  -66.2  -91.2      2   0.00    280    8.2  436.8  436.8  436.8
   70.0  18560  -68.1  -93.1      2   0.00    250    6.2  438.4  438.4  438.4
   66.2  18898  -68.9  -92.9      2   0.00    240    8.8  443.8  443.8  443.8
   66.1  18904  -68.9  -92.9      2   0.00    240    8.8  443.9  443.9  443.9
   64.7  19033  -68.1  -92.1      2   0.00    231    9.0  448.3  448.3  448.3
   63.4  19156  -65.1  -91.1      2   0.00    223    9.2  457.5  457.5  457.5
   62.9  19202  -65.4  -91.4      2   0.00    220    9.3  457.8  457.8  457.8
   59.8  19507  -67.7  -93.7      1   0.00    225   11.8  459.5  459.5  459.5
   59.5  19541  -67.9  -93.9      1   0.00    227   11.0  459.6  459.7  459.6
   57.3  19770  -63.3  -91.3      1   0.00    238    5.2  475.0  475.0  475.0
   56.9  19812  -63.3  -91.5      1   0.00    240    4.1  475.9  475.9  475.9
   52.0  20367  -63.5  -93.5      1   0.00    306    1.6  487.9  487.9  487.9
   50.2  20585  -60.9  -91.9      1   0.00    332    0.6  499.0  499.0  499.0
   50.0  20610  -60.9  -91.9      1   0.00    335    0.5  499.5  499.6  499.5
   48.3  20824  -62.3  -92.3      1   0.00    348    0.3  501.2  501.2  501.2
   46.9  21006  -60.7  -91.7      1   0.00    359    0.0  509.2  509.3  509.2
   46.7  21031  -60.7  -91.7      1   0.00      0    0.0  509.8  509.9  509.8
   44.5  21336  -60.5  -91.5      1   0.00    135    5.7  517.5  517.5  517.5
   42.4  21641  -60.3  -91.3      1   0.00    160    6.2  525.3  525.3  525.3
   40.3  21946  -60.1  -91.1      1   0.00    150    6.7  533.1  533.2  533.1
   40.2  21967  -60.1  -91.1      1   0.00    150    6.8  533.7  533.7  533.7
   38.8  22189  -57.7  -89.7      1   0.00    146    7.9  545.2  545.2  545.2
   38.4  22250  -57.8  -89.7      1   0.00    145    8.2  546.4  546.4  546.4
   36.6  22555  -58.4  -89.9      1   0.00    200    6.2  552.5  552.5  552.5
   34.6  22909  -59.1  -90.1      1   0.00    262    3.8  559.7  559.7  559.7
   31.7  23461  -56.3  -88.3      1   0.01    358    0.1  581.3  581.4  581.3
   31.7  23470  -56.3  -88.3      1   0.01      0    0.0  581.5  581.5  581.5
   30.0  23810  -57.7  -89.7      1   0.00    110    4.1  586.8  586.8  586.8
   29.7  23874  -57.9  -89.9      1   0.00    114    4.3  587.9  587.9  587.9
   27.4  24384  -58.2  -89.7      1   0.00    145    6.2  600.8  600.9  600.8
   25.1  24935  -58.5  -89.5      1   0.01    134    4.9  615.1  615.2  615.1
   23.0  25488  -56.1  -88.1      1   0.01    123    3.6  637.7  637.8  637.7
   21.1  26037  -56.3  -88.3      1   0.01    112    2.3  653.0  653.1  653.0
   20.2  26316  -53.7  -86.7      1   0.01    106    1.7  669.1  669.3  669.2
   20.0  26380  -53.7  -86.7      1   0.01    105    1.5  671.1  671.2  671.1
   17.0  27432  -55.2  -87.7      1   0.01    135    5.7  698.8  699.0  698.9
   16.2  27737  -55.6  -88.0      1   0.01    130    6.7  707.1  707.2  707.1
   15.4  28042  -56.0  -88.3      1   0.01    140    8.8  715.5  715.6  715.5
   13.9  28695  -56.9  -88.9      1   0.01    178    7.6  733.7  733.8  733.7
   12.8  29219  -54.3  -87.3      1   0.02    208    6.8  760.2  760.4  760.2
   12.7  29261  -53.7  -86.8      1   0.02    210    6.7  763.7  763.9  763.7
   12.2  29529  -49.9  -83.9      1   0.03    277    3.7  786.2  786.6  786.2
   11.6  29870  -49.3  -83.3      1   0.03      0    0.0  800.0  800.4  800.0
   10.7  30387  -48.5  -82.5      1   0.04    258    5.2  821.4  821.9  821.4
   10.5  30480  -48.8  -82.8      1   0.04    240    6.2  823.6  824.1  823.6
   10.0  30830  -49.9  -83.9      1   0.04    245    3.6  832.2  832.6  832.2
    9.8  30962  -49.9  -83.9      1   0.04    247    4.3  837.0  837.5  837.0
    8.7  31750  -45.9  -80.9      1   0.07    261    8.4  881.5  882.3  881.5
    8.3  32066  -41.9  -77.9      1   0.11    266   10.1  909.1  910.6  909.2
    7.0  33230  -38.9  -75.9      1   0.18    285   16.0  966.9  969.4  967.0
    6.7  33528  -37.8  -75.1      1   0.21    285   12.9  983.6  986.6  983.7
    6.1  34138  -35.5  -73.4      1   0.30      0    0.0 1018.6 1023.0 1018.8
    6.1  34181  -35.3  -73.3      1   0.31               1021.1 1025.6 1021.3